0 3935.6 1143.84 2281.28 3443.71 129.49 2545.1 3907.22 2205.74 4102.29 
3935.6 0 2804.22 2206.44 574.181 3843.45 1933.55 179.253 1991.92 491.578 
1143.84 2804.22 0 1515.84 2336.7 1067.66 1694.38 2787.09 1295.07 2958.46 
2281.28 2206.44 1515.84 0 1632.43 2156.34 304.663 2094.26 361.953 2587.96 
3443.71 574.181 2336.7 1632.43 0 3344.22 1362.47 480.963 1423.56 988.565 
129.49 3843.45 1067.66 2156.34 3344.22 0 2422.65 3810.77 2088.14 4022.07 
2545.1 1933.55 1694.38 304.663 1362.47 2422.65 0 1812.68 406.235 2335.7 
3907.22 179.253 2787.09 2094.26 480.963 3810.77 1812.68 0 1901.73 669.932 
2205.74 1991.92 1295.07 361.953 1423.56 2088.14 406.235 1901.73 0 2332.29 
4102.29 491.578 2958.46 2587.96 988.565 4022.07 2335.7 669.932 2332.29 0 
